EDGE half-spread estimates, bp (signed; negative means below what the method resolves)
          99     0     1     2     3     4     5     6     7     8     9    10    11    12    13    14    15    16    17    18    19    20    21    22    23    24
SPY      9.8  12.9  25.5  10.0  16.0  12.8  11.0   8.9  15.6  46.9  21.3  14.8  19.4  11.3  11.8   6.3  13.8  13.1   6.7  11.6  -3.2  57.5   5.1  20.7  11.9  14.2
QQQ     20.7  40.8  49.8  30.8  29.9  17.5  14.0   8.0  13.4  42.0  19.0  17.9  19.0   5.0   8.8  11.9 -25.7  18.2   5.9  25.8  -7.5  58.3  11.0  29.4  15.2  17.4
IWM        .  -5.9  25.4  38.8  12.1  16.3  10.4  -7.3  26.6  45.9  25.3  19.8  34.6   3.8  16.4  15.0  17.9   4.9   4.4  16.8 -10.6  44.3  -7.2  18.3  -9.6  17.2
DIA     18.4  20.1  23.0  15.4  13.6  12.2  10.2   5.8   6.6  44.4  11.0   9.4  -7.7   2.3   8.3   4.8   9.2   9.0   2.6   3.1  -3.3  49.7  -8.5  17.5  10.0   7.6
EFA        .     .     .  19.4  17.9  21.3  14.7  12.1  11.1  43.3  24.0  23.4  25.6  -4.1   8.9  11.9  16.0  13.7   6.8   9.6   4.8  47.0   6.4  19.3   3.6  11.0
EEM        .     .     .     . -27.3  18.4  20.5  -7.2 -13.7  49.5 -16.3 -12.5  -3.2 -14.5  -8.9   9.4  19.4   5.4 -12.2  21.4   5.1  50.4   9.8  15.3  -8.2  17.8
XLK     38.1 -27.9 -14.8  41.7  36.5  28.0  26.8  26.3  35.0  71.6  21.1  18.4   7.4   3.0  10.4  11.0 -35.5  17.0   9.1  23.3  -2.9  74.2   7.5  24.5  14.6  20.6
XLF      9.6  17.4  36.4  25.5  32.4  27.6  23.1  18.3  34.6  90.0  51.9  21.9  21.7   8.7   9.6   9.1 -35.6  -6.6  13.5  10.7  -9.8  73.5 -17.7   8.6  -2.4  -7.8
XLV     18.0 -20.4 -23.9  29.4  20.0  21.2  31.1  18.9  35.7  39.5  35.0  11.3  -9.5  -4.3   6.0   9.2 -32.5  16.9   5.3  -9.6   9.3  45.4   3.1  12.6   7.6  10.6
XLE     14.7  36.6 -24.0  18.4  11.6  -7.2 -15.3 -14.7  14.7 -51.9 -27.8   7.1 -17.4  -8.6  12.0 -13.6  18.0  22.8 -11.6 -20.3 -20.5  60.2 -32.0  20.3 -11.3  13.3
XLI     15.6 -16.9 -18.3  31.6  41.7  34.2  27.0  15.5  33.3  63.5 -11.4  -4.6 -11.7   8.8   9.2   6.9  21.2   4.9  -2.0   3.3 -12.3  32.0 -14.5  14.9  -6.0  -2.5
XLY     24.5 -34.1  24.1  30.6  25.4  19.2  23.9  12.4  21.1  84.5  33.0  16.4  20.4   4.8   9.6   9.6 -12.5  14.2   5.1  16.1 -12.7  41.8 -12.4  29.8  12.5  10.6
XLP     31.3  28.8  31.3  27.5  21.8  18.9  21.8  19.9  33.2  74.0  26.7  17.0  13.6   6.2  -1.1  12.5  10.9  13.0   0.8  -9.8   4.1  45.6  -1.1  13.9   3.5  10.8
XLU     33.1  20.3  36.1  38.5  29.0  28.3  21.4  29.5  22.8  51.1  11.6  10.8  13.5   4.7   5.9   7.5  -7.3  -8.2   9.6  -4.8   5.0  37.0  -7.3  14.0  -4.7  16.1
XLB     26.4  22.9  23.1 -12.0 -13.2   9.1  14.0  16.6  14.4  34.6  -9.3  18.4  -7.2   9.4  12.6   9.1   7.5  -5.9  -5.3  -2.5 -12.9  67.8 -21.7   9.0  -0.4   7.0
XLRE       .     .     .     .     .     .     .     .     .     .     .     .     .     .     .     .     .  23.6  -1.9  12.7   4.3 -33.7   8.7  10.0  -8.8  13.2

Check against measured half-spreads, 2016-2024
        measured  EDGE median
SPY         0.17         11.9
QQQ         0.26         17.4
IWM         0.30          4.9
DIA         0.29          7.6
EFA         0.73          9.6
EEM         1.20          9.8
XLK         0.50         17.0
XLF         1.68         -2.4
XLV         0.50          9.3
XLE         0.74        -11.3
XLI         0.64         -2.0
XLY         0.41         12.5
XLP         0.80          4.1
XLU         0.81          5.0
XLB         0.82         -2.5
XLRE        1.35          8.7

2016-2024 yearly estimates range from -34 to 74 bp; medians by ETF from -11 to 17 bp; measured half-spreads 0.17 to 1.68 bp, equal-weight average 0.70 bp
